47;139;
-1;0;0;0;0;-1;884;0;0;65536;0;0;0;0;0;-100000;0;0;SS_SUN_1;				//   0 Blue star
-1;0;0;0;0.001;-1;884;0;1;98304;0;0;0;0;0;-100000;0;0;SS_SUN_2;			//   1 Orange/yellow star
-1;0;0;0;0.001;-1;884;0;2;98304;0;0;0;0;0;-100000;0;0;SS_SUN_3;			//   2 Red star
-1;0;0;0;0.001;-1;884;0;3;98304;0;0;0;0;0;-100000;0;0;SS_SUN_4;			//   3 Green star 
-1;0;0;0;0.001;-1;884;0;4;98304;0;0;0;0;0;-100000;0;0;SS_SUN_5;			//	 4 Blue star
-1;0;0;0;0.001;-1;884;0;5;98304;0;0;0;0;0;-100000;0;0;SS_SUN_6;			//	 5 Green star 
-1;0;0;0;0.001;-1;884;0;6;98304;0;0;0;0;0;-100000;0;0;SS_SUN_7;			//	 6 Pink star 
-1;0;0;0;0.001;-1;884;0;7;98304;0;0;0;0;0;-100000;0;0;SS_SUN_8;			//	 7 Yellow star
-1;0;0;0;0.001;-1;884;0;8;98304;0;0;0;0;0;-100000;0;0;SS_SUN_9;			//	 8 Green star 
-1;0;0;0;0.001;-1;884;0;0;98304;0;0;0;0;0;-100000;0;0;SS_SUN_10; 		//special subtype ONLY FOR SOLAR SYSTEM SUN!
-1;0;0;0;0.001;-1;884;0;0;98304;0;0;0;0;0;-100000;0;0;SS_SUN_11; 		//special subtype NO LENSFLARE           Argon Prime

// Start : Moonrat Suns
-1;0;0;0;0.001000;-1;884;0;55;32768;0;0;0;0;0;-100000;0;0;SS_SUN_12;		//  11 Blue star			-6    5%
-1;0;0;0;0.001000;-1;884;0;56;32768;0;0;0;0;0;-100000;0;0;SS_SUN_13;		//  12 Blue star			-5   10%
-1;0;0;0;0.001000;-1;884;0;57;65536;0;0;0;0;0;-100000;0;0;SS_SUN_14;		//  13 Blue star			-4   15%
-1;0;0;0;0.001000;-1;884;0;58;65536;0;0;0;0;0;-100000;0;0;SS_SUN_15;	//  14 Blue star			-3   25%
-1;0;0;0;0.001000;-1;884;0;59;98304;0;0;0;0;0;-100000;0;0;SS_SUN_16;	//  15 Blue star			-2   50%
-1;0;0;0;0.001000;-1;884;0;60;98304;0;0;0;0;0;-100000;0;0;SS_SUN_17;	//  16 Blue star			-1  100%
-1;0;0;0;0.001000;-1;884;0;61;98304;0;0;0;0;0;-100000;0;0;SS_SUN_18;	//  17 Blue star			00  150%
-1;0;0;0;0.001000;-1;884;0;62;98304;0;0;0;0;0;-100000;0;0;SS_SUN_19;	//  18 Blue star			+1  200%
-1;0;0;0;0.001000;-1;884;0;63;131072;0;0;0;0;0;-100000;0;0;SS_SUN_20;	//  19 Blue star			+2  250%
-1;0;0;0;0.001000;-1;884;0;64;131072;0;0;0;0;0;-100000;0;0;SS_SUN_21;	//  20 Blue star			+3	300%
-1;0;0;0;0.001000;-1;884;0;65;131072;0;0;0;0;0;-100000;0;0;SS_SUN_22;	//  21 Blue star			+4	350%

-1;0;0;0;0.001000;-1;884;0;66;32768;0;0;0;0;0;-100000;0;0;SS_SUN_23;	    //  22 Orange/yellow star	-6	  5%
-1;0;0;0;0.001000;-1;884;0;67;32768;0;0;0;0;0;-100000;0;0;SS_SUN_24;	    //  23 Orange/yellow star	-5	 10%
-1;0;0;0;0.001000;-1;884;0;68;65536;0;0;0;0;0;-100000;0;0;SS_SUN_25;	    //  24 Orange/yellow star	-4	 15%
-1;0;0;0;0.001000;-1;884;0;69;65536;0;0;0;0;0;-100000;0;0;SS_SUN_26;	//  25 Orange/yellow star	-3	 25%
-1;0;0;0;0.001000;-1;884;0;70;98304;0;0;0;0;0;-100000;0;0;SS_SUN_27;	//  26 Orange/yellow star	-2	 50%
-1;0;0;0;0.001000;-1;884;0;71;98304;0;0;0;0;0;-100000;0;0;SS_SUN_28;	//  27 Orange/yellow star	-1	100%
-1;0;0;0;0.001000;-1;884;0;72;98304;0;0;0;0;0;-100000;0;0;SS_SUN_29;	//  28 Orange/yellow star	00	150%
-1;0;0;0;0.001000;-1;884;0;73;98304;0;0;0;0;0;-100000;0;0;SS_SUN_30;	//  29 Orange/yellow star	+1	200%
-1;0;0;0;0.001000;-1;884;0;74;131072;0;0;0;0;0;-100000;0;0;SS_SUN_31;	//  30 Orange/yellow star	+2	250%
-1;0;0;0;0.001000;-1;884;0;75;131072;0;0;0;0;0;-100000;0;0;SS_SUN_32;	//  31 Orange/yellow star	+3	300%

-1;0;0;0;0.001000;-1;884;0;76;32768;0;0;0;0;0;-100000;0;0;SS_SUN_33;		//  32 Red/orange star		-6	  5%
-1;0;0;0;0.001000;-1;884;0;77;32768;0;0;0;0;0;-100000;0;0;SS_SUN_34;		//  33 Red/orange star		-5	 10%
-1;0;0;0;0.001000;-1;884;0;78;65536;0;0;0;0;0;-100000;0;0;SS_SUN_35;		//  34 Red/orange star		-4	 15%
-1;0;0;0;0.001000;-1;884;0;79;65536;0;0;0;0;0;-100000;0;0;SS_SUN_36;	//  35 Red/orange star		-3	 25%
-1;0;0;0;0.001000;-1;884;0;80;98304;0;0;0;0;0;-100000;0;0;SS_SUN_37;	//  36 Red/orange star		-2	 50%
-1;0;0;0;0.001000;-1;884;0;81;98304;0;0;0;0;0;-100000;0;0;SS_SUN_38;	//  37 Red/orange star		-1	100%
-1;0;0;0;0.001000;-1;884;0;82;98304;0;0;0;0;0;-100000;0;0;SS_SUN_39;	//  38 Red/orange star		00	150%
-1;0;0;0;0.001000;-1;884;0;83;98304;0;0;0;0;0;-100000;0;0;SS_SUN_40;	//  39 Red/orange star		+1	200%
-1;0;0;0;0.001000;-1;884;0;84;131072;0;0;0;0;0;-100000;0;0;SS_SUN_41;	//  40 Red/orange star		+2	250%

-1;0;0;0;0.001000;-1;884;0;85;32768;0;0;0;0;0;-100000;0;0;SS_SUN_42;		//  41 Green star			-6	  5%
-1;0;0;0;0.001000;-1;884;0;86;32768;0;0;0;0;0;-100000;0;0;SS_SUN_43;		//  42 Green star			-5	 10%
-1;0;0;0;0.001000;-1;884;0;87;65536;0;0;0;0;0;-100000;0;0;SS_SUN_44;		//  43 Green star			-4	 15%
-1;0;0;0;0.001000;-1;884;0;88;65536;0;0;0;0;0;-100000;0;0;SS_SUN_45;	//  44 Green star			-3	 25%
-1;0;0;0;0.001000;-1;884;0;89;98304;0;0;0;0;0;-100000;0;0;SS_SUN_46;	//  45 Green star			-2	 50%
-1;0;0;0;0.001000;-1;884;0;90;98304;0;0;0;0;0;-100000;0;0;SS_SUN_47;	//  46 Green star			-1	100%
-1;0;0;0;0.001000;-1;884;0;91;98304;0;0;0;0;0;-100000;0;0;SS_SUN_48;	//  47 Green star			00	150%
-1;0;0;0;0.001000;-1;884;0;92;98304;0;0;0;0;0;-100000;0;0;SS_SUN_49;	//  48 Green star			+1	200%
-1;0;0;0;0.001000;-1;884;0;93;131072;0;0;0;0;0;-100000;0;0;SS_SUN_50;	//  49 Green star			+2	250%
-1;0;0;0;0.001000;-1;884;0;94;131072;0;0;0;0;0;-100000;0;0;SS_SUN_51;	//  50 Green star			+3	300%

-1;0;0;0;0.001000;-1;884;0;95;32768;0;0;0;0;0;-100000;0;0;SS_SUN_52;		//  51 Blue star+streak		-6	  5%
-1;0;0;0;0.001000;-1;884;0;96;32768;0;0;0;0;0;-100000;0;0;SS_SUN_53;		//  52 Blue star+streak		-5	 10%
-1;0;0;0;0.001000;-1;884;0;97;65536;0;0;0;0;0;-100000;0;0;SS_SUN_54;		//  53 Blue star+streak		-4	 15%
-1;0;0;0;0.001000;-1;884;0;98;65536;0;0;0;0;0;-100000;0;0;SS_SUN_55;	//  54 Blue star+streak		-3	 25%
-1;0;0;0;0.001000;-1;884;0;99;98304;0;0;0;0;0;-100000;0;0;SS_SUN_56;	//  55 Blue star+streak		-2	 50%
-1;0;0;0;0.001000;-1;884;0;100;98304;0;0;0;0;0;-100000;0;0;SS_SUN_57;	//  56 Blue star+streak		-1	100%
-1;0;0;0;0.001000;-1;884;0;101;98304;0;0;0;0;0;-100000;0;0;SS_SUN_58;	//  57 Blue star+streak		00	150%
-1;0;0;0;0.001000;-1;884;0;102;98304;0;0;0;0;0;-100000;0;0;SS_SUN_59;	//  58 Blue star+streak		+1	200%
-1;0;0;0;0.001000;-1;884;0;103;131072;0;0;0;0;0;-100000;0;0;SS_SUN_60;	//  59 Blue star+streak		+2	250%
-1;0;0;0;0.001000;-1;884;0;104;131072;0;0;0;0;0;-100000;0;0;SS_SUN_61;	//  60 Blue star+streak		+3	300%

-1;0;0;0;0.001000;-1;884;0;105;32768;0;0;0;0;0;-100000;0;0;SS_SUN_62;		//  61 Green star+streak	-6	  5%
-1;0;0;0;0.001000;-1;884;0;106;32768;0;0;0;0;0;-100000;0;0;SS_SUN_63;		//  62 Green star+streak	-5	 10%
-1;0;0;0;0.001000;-1;884;0;107;65536;0;0;0;0;0;-100000;0;0;SS_SUN_64;		//  63 Green star+streak	-4	 15%
-1;0;0;0;0.001000;-1;884;0;108;65536;0;0;0;0;0;-100000;0;0;SS_SUN_65;	//  64 Green star+streak	-3	 25%
-1;0;0;0;0.001000;-1;884;0;109;98304;0;0;0;0;0;-100000;0;0;SS_SUN_66;	//  65 Green star+streak	-2	 50%
-1;0;0;0;0.001000;-1;884;0;110;98304;0;0;0;0;0;-100000;0;0;SS_SUN_67;	//  66 Green star+streak	-1	100%
-1;0;0;0;0.001000;-1;884;0;111;98304;0;0;0;0;0;-100000;0;0;SS_SUN_68;	//  67 Green star+streak	00	150%
-1;0;0;0;0.001000;-1;884;0;112;98304;0;0;0;0;0;-100000;0;0;SS_SUN_69;	//  68 Green star+streak	+1	200%
-1;0;0;0;0.001000;-1;884;0;113;131072;0;0;0;0;0;-100000;0;0;SS_SUN_70;	//  69 Green star+streak	+2	250%
-1;0;0;0;0.001000;-1;884;0;114;131072;0;0;0;0;0;-100000;0;0;SS_SUN_71;	//  70 Green star+streak	+3	300%
     
-1;0;0;0;0.001000;-1;884;0;115;32768;0;0;0;0;0;-100000;0;0;SS_SUN_72;	//  71 Pink star			-6	  5%
-1;0;0;0;0.001000;-1;884;0;116;32768;0;0;0;0;0;-100000;0;0;SS_SUN_73;	//  72 Pink star			-5	 10%
-1;0;0;0;0.001000;-1;884;0;117;65536;0;0;0;0;0;-100000;0;0;SS_SUN_74;	//  73 Pink star			-4	 15%
-1;0;0;0;0.001000;-1;884;0;118;65536;0;0;0;0;0;-100000;0;0;SS_SUN_75;	//  74 Pink star			-3	 25%
-1;0;0;0;0.001000;-1;884;0;119;98304;0;0;0;0;0;-100000;0;0;SS_SUN_76;	//  75 Pink star			-2	 50%
-1;0;0;0;0.001000;-1;884;0;120;98304;0;0;0;0;0;-100000;0;0;SS_SUN_77;	//  76 Pink star			-1	100%
-1;0;0;0;0.001000;-1;884;0;121;98304;0;0;0;0;0;-100000;0;0;SS_SUN_78;	//  77 Pink star			00	150%
-1;0;0;0;0.001000;-1;884;0;122;98304;0;0;0;0;0;-100000;0;0;SS_SUN_79;	//  78 Pink star			+1	200%
-1;0;0;0;0.001000;-1;884;0;123;131072;0;0;0;0;0;-100000;0;0;SS_SUN_80;	//  79 Pink star			+2	250%
-1;0;0;0;0.001000;-1;884;0;124;131072;0;0;0;0;0;-100000;0;0;SS_SUN_81;	//  80 Pink star			+3	300%

-1;0;0;0;0.001000;-1;884;0;125;32768;0;0;0;0;0;-100000;0;0;SS_SUN_82;	//  81 Bright Yellow star	-6	  5%
-1;0;0;0;0.001000;-1;884;0;126;32768;0;0;0;0;0;-100000;0;0;SS_SUN_83;	//  82 Bright Yellow star	-5	 10%
-1;0;0;0;0.001000;-1;884;0;127;65536;0;0;0;0;0;-100000;0;0;SS_SUN_84;	//  83 Bright Yellow star	-4	 15%
-1;0;0;0;0.001000;-1;884;0;128;65536;0;0;0;0;0;-100000;0;0;SS_SUN_85;	//  84 Bright Yellow star	-3	 25%
-1;0;0;0;0.001000;-1;884;0;129;98304;0;0;0;0;0;-100000;0;0;SS_SUN_86;	//  85 Bright Yellow star	-2	 50%
-1;0;0;0;0.001000;-1;884;0;130;98304;0;0;0;0;0;-100000;0;0;SS_SUN_87;	//  86 Bright Yellow star	-1	100%
-1;0;0;0;0.001000;-1;884;0;131;98304;0;0;0;0;0;-100000;0;0;SS_SUN_88;	//  87 Bright Yellow star	00	150%
-1;0;0;0;0.001000;-1;884;0;132;98304;0;0;0;0;0;-100000;0;0;SS_SUN_89;	//  88 Bright Yellow star	+1	200%
-1;0;0;0;0.001000;-1;884;0;133;131072;0;0;0;0;0;-100000;0;0;SS_SUN_90;	//  89 Bright Yellow star	+2	250%
-1;0;0;0;0.001000;-1;884;0;134;131072;0;0;0;0;0;-100000;0;0;SS_SUN_91;	//  90 Bright Yellow star	+3	300%

-1;0;0;0;0.001000;-1;884;0;135;32768;0;0;0;0;0;-100000;0;0;SS_SUN_92;	//  91 Yellow star+			-6	  5%
-1;0;0;0;0.001000;-1;884;0;136;32768;0;0;0;0;0;-100000;0;0;SS_SUN_93;	//  92 Yellow star+			-5	 10%
-1;0;0;0;0.001000;-1;884;0;137;65536;0;0;0;0;0;-100000;0;0;SS_SUN_94;	//  93 Yellow star+			-4	 15%
-1;0;0;0;0.001000;-1;884;0;138;65536;0;0;0;0;0;-100000;0;0;SS_SUN_95;	//  94 Yellow star+			-3	 25%
-1;0;0;0;0.001000;-1;884;0;139;98304;0;0;0;0;0;-100000;0;0;SS_SUN_96;	//  95 Yellow star+			-2	 50%
-1;0;0;0;0.001000;-1;884;0;140;98304;0;0;0;0;0;-100000;0;0;SS_SUN_97;	//  96 Yellow star+			-1	100%
-1;0;0;0;0.001000;-1;884;0;141;98304;0;0;0;0;0;-100000;0;0;SS_SUN_98;	//  97 Yellow star+			00	150%
-1;0;0;0;0.001000;-1;884;0;142;98304;0;0;0;0;0;-100000;0;0;SS_SUN_99;	//  98 Yellow star+			+1	200%
-1;0;0;0;0.001000;-1;884;0;143;131072;0;0;0;0;0;-100000;0;0;SS_SUN_100;	//  99 Yellow star+			+2	250%
-1;0;0;0;0.001000;-1;884;0;144;131072;0;0;0;0;0;-100000;0;0;SS_SUN_101;	// 100 Yellow star+			+3	300%

-1;0;0;0;0;-1;0;0;145;98304;0;0;0;0;0;-100000;0;0;SS_SUN_102;			// 101 White dwarf			-6	  5%
-1;0;0;0;0;-1;0;0;146;98304;0;0;0;0;0;-100000;0;0;SS_SUN_103;			// 102 White dwarf			-5	 10%
-1;0;0;0;0;-1;0;0;147;98304;0;0;0;0;0;-100000;0;0;SS_SUN_104;			// 103 White dwarf			-4	 15%
-1;0;0;0;0;-1;0;0;148;98304;0;0;0;0;0;-100000;0;0;SS_SUN_105;			// 104 White dwarf			-3	 25%

-1;0;0;0;0;-1;0;0;149;98304;0;0;0;0;0;-100000;0;0;SS_SUN_106;			// 105 Yellow dwarf			-6	  5%
-1;0;0;0;0;-1;0;0;150;98304;0;0;0;0;0;-100000;0;0;SS_SUN_107;			// 106 Yellow dwarf			-5	 10%
-1;0;0;0;0;-1;0;0;151;98304;0;0;0;0;0;-100000;0;0;SS_SUN_108;			// 107 Yellow dwarf			-4	 15%
-1;0;0;0;0;-1;0;0;152;98304;0;0;0;0;0;-100000;0;0;SS_SUN_109;			// 108 Yellow dwarf			-3	 25%

-1;0;0;0;0;-1;0;0;153;98304;0;0;0;0;0;-100000;0;0;SS_SUN_110;			// 109 Green dwarf			-6	  5%
-1;0;0;0;0;-1;0;0;154;98304;0;0;0;0;0;-100000;0;0;SS_SUN_111;			// 110 Green dwarf			-5	 10%
-1;0;0;0;0;-1;0;0;155;98304;0;0;0;0;0;-100000;0;0;SS_SUN_112;			// 111 Green dwarf			-4	 15%
-1;0;0;0;0;-1;0;0;156;98304;0;0;0;0;0;-100000;0;0;SS_SUN_113;			// 112 Green dwarf			-3	 25%

-1;0;0;0;0;-1;0;0;157;98304;0;0;0;0;0;-100000;0;0;SS_SUN_114;			// 113 Red dwarf			-6	  5%
-1;0;0;0;0;-1;0;0;158;98304;0;0;0;0;0;-100000;0;0;SS_SUN_115;			// 114 Red dwarf			-5	 10%
-1;0;0;0;0;-1;0;0;159;98304;0;0;0;0;0;-100000;0;0;SS_SUN_116;			// 115 Red dwarf			-4	 15%
-1;0;0;0;0;-1;0;0;160;98304;0;0;0;0;0;-100000;0;0;SS_SUN_117;			// 116 Red dwarf			-3	 25%

-1;0;0;0;0;-1;0;0;161;98304;0;0;0;0;0;-100000;0;0;SS_SUN_118;			// 117 Brown dwarf			-6	  5%
-1;0;0;0;0;-1;0;0;162;98304;0;0;0;0;0;-100000;0;0;SS_SUN_119;			// 118 Brown dwarf			-5	 10%
-1;0;0;0;0;-1;0;0;163;98304;0;0;0;0;0;-100000;0;0;SS_SUN_120;			// 119 Brown dwarf			-4	 15%
-1;0;0;0;0;-1;0;0;164;98304;0;0;0;0;0;-100000;0;0;SS_SUN_121;			// 120 Brown dwarf			-3	 25%

-1;0;0;0;0;-1;0;0;165;98304;0;0;0;0;0;-100000;0;0;SS_SUN_122;			// 121 Blue dwarf			-6	  5%
-1;0;0;0;0;-1;0;0;166;98304;0;0;0;0;0;-100000;0;0;SS_SUN_123;			// 122 Blue dwarf			-5	 10%
-1;0;0;0;0;-1;0;0;167;98304;0;0;0;0;0;-100000;0;0;SS_SUN_124;			// 123 Blue dwarf			-4	 15%
-1;0;0;0;0;-1;0;0;168;98304;0;0;0;0;0;-100000;0;0;SS_SUN_125;			// 124 Blue dwarf			-3	 25%

-1;0;0;0;0;-1;0;0;169;98304;0;0;0;0;0;-100000;0;0;SS_SUN_126;			// 125 Red star burst		-6	  5%
-1;0;0;0;0;-1;0;0;170;98304;0;0;0;0;0;-100000;0;0;SS_SUN_127;			// 126 Red star burst		-5	  5%
-1;0;0;0;0;-1;0;0;171;98304;0;0;0;0;0;-100000;0;0;SS_SUN_128;			// 127 Red star burst		-4	  5%
-1;0;0;0;0;-1;0;0;172;98304;0;0;0;0;0;-100000;0;0;SS_SUN_129;			// 128 Red star burst		-3	  5%


-1;0;0;0;0;-1;0;0;173;98304;0;0;0;0;0;-100000;0;0;SS_SUN_130;			// 129 XRM Blue flare		00  150%

-1;0;0;0;0;-1;0;0;174;98304;0;0;0;0;0;-100000;0;0;SS_SUN_131;			// 130 XRM Yellow flare		00  150%

-1;0;0;0;0;-1;0;0;175;98304;0;0;0;0;0;-100000;0;0;SS_SUN_132;			// 131 XRM Orange/Red flare	00  150%

-1;0;0;0;0;-1;0;0;176;98304;0;0;0;0;0;-100000;0;0;SS_SUN_133;			// 132 XRM Green flare		00  150%

-1;0;0;0;0;-1;0;0;177;98304;0;0;0;0;0;-100000;0;0;SS_SUN_134;			// 133 XRM Blue+ flare		00  150%

-1;0;0;0;0;-1;0;0;178;98304;0;0;0;0;0;-100000;0;0;SS_SUN_135;			// 134 XRM Y/G flare	    00  150%

-1;0;0;0;0;-1;0;0;179;98304;0;0;0;0;0;-100000;0;0;SS_SUN_136;			// 135 XRM Red+ flare		00  150%

-1;0;0;0;0;-1;0;0;180;98304;0;0;0;0;0;-100000;0;0;SS_SUN_137;			// 136 XRM Yellow+ flare	00  150%

-1;0;0;0;0;-1;0;0;181;98304;0;0;0;0;0;-100000;0;0;SS_SUN_138;			// 137 XRM Y/G+ flare	    00  150%


// End : Moonrat Suns

// dummy star
-1;0;0;0;0.001;-1;884;0;182;32768;0;0;0;0;0;-100000;0;0;SS_SUN_139; //dummy star  50%
